01110
10001
10011
10101
11001
10001
01110
00100
01100
00100
00100
00100
00100
01110
01110
10001
00001
00010
00100
01000
11111
11111
00010
00100
00010
00001
10001
01110
00010
00110
01010
10010
11111
00010
00010
11111
10000
11110
00001
00001
10001
01110
00110
01000
10000
11110
10001
10001
01110
11111
00001
00010
00100
01000
01000
01000
01110
10001
10001
01110
10001
10001
01110
01110
10001
10001
01111
00001
00010
01100
00000
00100
00000
00000
00000
00100
00000
00000
00000
00000
00000
00000
01100
01100
00000
00000
00000
01110
00000
00000
00000
11111
10001
10001
11111
10001
10001
11111
11111
10001
11111
10001
11111
10001
10011
10101
10101
10101
00100
00100
01010
10001
00100
10101
01110
00100
01110
10101
01100
00100
00100
11111
00100
01110
10101
00100
00100
01010
11111
00100
11111
00110
11111
00000
00100
00100
11111
00100
00100
11111
